16
57
65
31
34
52
13
51
38
15
70
64
27
39
72
74
81
60
3
19
37
18
54
81
22
30
48
96
67
45
13
59
36
55
95
12
28
28
10
56
20
46
85
77
6
47
82
37
4
23
93
51
56
9
100
52
65
91
92
90
62
26
83
58
18
79
94
43
80
99
91
15
6
10
34
56
82
34
35
9
40
28
92
55
64
21
56
13
50
87
31
68
24
22
58
4
20
45
26
93
96
35
62
96
22
63
28
64
54
31
41
93
8
76
12
55
76
91
16
87
7
2
16
39
34
17
55
35
33
17
13
83
71
5
33
36
94
33
86
100
47
36
39
5
71
95
70
75
24
99
44
83
44
80
3
86
80
15
70
84
38
82
73
25
94
29
31
98
93
80
26
52
34
9
61
41
88
33
22
68
74
36
30
94
48
4
89
37
5
79
89
28
26
98
23
10
61
57
88
24
41
9
92
71
9
77
95
16
59
90
31
33
5
59
75
75
90
11
97
9
97
21
90
84
18
18
57
92
93
49
100
52
86
18
9
38
93
94
7
26
49
33
33
53
31
27
51
23
26
82
54
58
47
95
96
28
90
33
48
2
70
39
16
76
24
5
15
7
52
75
22
3
37
33
20
25
9
64
2
16
55
90
68
2
3
58
17
49
92
66
60
45
16
5
33
8
54
97
37
48
50
58
7
3
72
49
3
82
58
61
58
81
75
23
51
24
98
71
17
71
85
87
57
95
82
100
2
64
95
85
19
53
17
14
34
37
85
83
96
15
56
57
12
75
89
85
88
20
46
40
16
62
75
46
66
38
95
84
40
61
1
62
68
65
94
89
34
28
56
72
19
30
75
55
46
51
54
95
60
47
65
65
99
63
63
57
60
66
13
34
94
18
35
22
47
67
39
81
46
63
46
80
30
51
91
20
41
34
90
82
88
8
64
86
49
26
84
95
9
82
17
39
73
90
43
73
57
31
71
71
40
14
65
71
15
60
57
7
24
31
44
33
72
12
34
78
80
72
21
12
18
6
56
62
64
99
45
92
79
99
44
40
21
51
55
63
73
22
17
32
52
71
44
16
84
1
29
20
88
27
72
14
4
57
100
12
5
15
37
62
78
66
88
88
62
19
4
7
17
59
49
23
63
69
8
82
23
16
27
99
57
41
82
18
29
50
91
75
63
28
13
31
35
80
5
28
48
6
72
94
6
37
34
12
41
29
2
51
88
8
91
51
100
1
25
83
43
57
92
46
2
85
90
9
25
78
73
26
64
84
98
69
19
65
81
72
28
91
52
71
46
91
26
44
9
97
96
68
83
67
7
2
49
38
88
57
15
97
60
6
15
23
27
54
17
2
27
31
2
13
82
23
82
29
39
83
15
93
53
43
77
75
11
98
48
97
4
95
74
61
99
43
76
82
28
52
18
59
1
1
44
75
96
16
14
78
97
6
43
14
96
36
85
93
78
13
39
22
33
43
74
31
51
6
63
60
77
89
33
73
100
7
63
43
51
31
71
62
72
37
9
1
23
33
83
78
46
55
96
87
52
44
15
13
100
87
90
98
2
58
86
28
90
78
98
71
32
77
4
31
81
69
46
6
27
23
90
22
84
73
60
72
7
31
8
57
3
17
4
41
88
69
26
24
34
92
6
71
26
35
57
20
21
38
39
5
40
27
14
34
99
86
20
99
99
72
41
91
45
30
3
58
35
64
81
74
17
51
63
82
19
48
19
95
40
1
97
8
86
66
81
42
100
68
25
9
14
33
17
72
66
30
51
2
10
97
25
42
99
79
1
63
68
19
92
87
59
87
81
87
80
45
70
85
76
21
17
50
23
45
36
87
84
71
28
65
53
44
2
29
89
51
11
78
45
88
97
26
90
19
72
24
25
77
16
82
93
52
81
3
78
11
30
15
26
48
64
37
11
99
42
74
3
96
84
55
68
9
38
88
70
64
26
28
20
16
15
69
1
56
49
55
20
16
66
15
69
91
7
92
52
36
15
18
100
29
23
77
79
28
67
71
7
21
26
30
100
21
2
20
82
65
78
98
58
89
56
34
15
60
55
83
16
77
58
45
20
68
98
86
86
37
1
55
91
62
66
76
99
27
17
93
55
31
100
43
64
26
2
52
36
83
2
1
40
96
93
8
25
77
87
62
63
73
72
15
92
61
3
26
49
63
50
93
2
62
70
20
31
8
81
63
60
47
20
6
4
26
44
50
23
77
39
78
7
53
65
56
63
100
58
75
63
52
57
44
81
17
9
13