220
131
197
244
129
220
171
159
145
248
268
194
137
253
242
244
188
235
145
155
262
162
227
263
139
206
151
234
229
145
184
143
251
161
136
178
171
206
229
209
164
136
206
262
147
243
178
161
168
186
188
185
233
173
125
158
266
256
229
223
264
161
224
253
180
143
170
251
129
177
213
131
264
125
152
163
215
235
264
177
180
252
249
266
237
232
217
261
195
162
242
257
163
272
230
252
162
204
255
177
261
232
196
148
216
269
231
128
163
170
205
266
150
148
137
229
265
265
152
143
257
217
162
271
226
209
158
151
264
250
205
136
176
253
254
240
254
254
233
217
171
208
266
153
138
267
238
170
264
160
226
186
150
129
268
158
233
263
257
249
244
184
193
156
177
246
265
180
179
207
161
141
267
164
212
194
141
181
261
140
133
242
188
160
206
181
145
234
139
225
187
220
241
240
239
190
218
190
143
168
197
178
165
167
127
273
164
210
169
164
248
226
216
275
256
207
186
168
265
136
180
207
246
148
257
134
171
246
250
184
159
199
272
203
161
175
166
153
195
131
245
218
143
153
161
232
145
219
169
272
167
175
272
139
266
165
163
256
182
145
261
162
236
225
205
267
227
239
190
215
141
168
255
228
126
236
231
157
242
273
270
186
161
161
202
192
248
153
168
232
183
173
210
156
252
217
213
206
264
219
167
152
254
181
252
249
180
245
214
154
170
261
254
140
204
224
201
266
137
271
240
196
165
145
264
210
196
166
189
237
210
150
128
152
154
275
274
131
240
173
193
146
271
162
159
267
205
271
184
234
167
182
223
153
149
231
205
146
165
134
210
269
253
136
166
256
188
233
133
263
270
274
229
200
183
172
174
214
243
265
217
260
261
145
156
248
237
151
197
161
261
222
225
225
219
150
223
267
204
209
216
182
129
260
228
162
268
185
226
169
269
171
250
235
127
156
191
131
171
242
171
255
270
152
244
221
131
192
196
141
219
142
166
177
271
141
230
136
183
275
131
235
136
174
266
193
144
271
249
159
221
258
237
262
227
215
131
214
214
224
226
202
159
153
205
146
198
151
180
141
235
126
252
253
214
202
238
230
194
270
148
238
185
191
271
159
202
144
149
193
224
260
262
133
257
140
135
214
125
227
